$ANSIBLE_VAULT;1.1;AES256
34633937396362623937646462333062356630333231366562313636353537366432363336353364
3832396663383934623063633666383735333736616266390a323863666361316134303738646636
65656334636135623532313933623234656666306335356531393839646266343331373961353532
6135306434326534660a316535356162333333396438666135376239386634656635666531343337
37643463613036613632366338323266653237636138646266383163646534623836663862376465
37303962663362666261386230666536616232323964326137663563393261666230633137346231
33613930396466656230386562376134353536343734663631656562626466373264303365336338
31373531376231663163376535666636633439326136646365636536663431653439663538353835
39303461636131666462623338653032383964666564333362663163623838346437316235303763
33376663353465333333363362343537656162623833336436663439326635373433343333636637
38646332666639633630663364666436666336313039393233366334643566356138326366653464
31376435346233386338336439343333306162343063326233636434393265343331666635363966
37613063343564353433656338346134303233656636616562313261376163373033633439333463
31643365623438326462666564393563663936353833643534356163366435613538303838343961
33333736666664343732653237393834313865343662303463363962616462646531366535613933
38386435643561393634306238356136653266616562356465346435326233383436323133333236
62653865363533656538653732623464356435396338313336373965656239373161306639663939
64396331376230646639333964326562333534396237323164356234636537386361653134376433
30643639666439356434333865646135366536353339383730363137633264333237346432306135
64656633613466633864636463336131373465613531633534383235653663393633643630386534
61346366306235343835343963343263616537643361383566303434386533613166343164343934
63373465333137326630393162653834306161623634353338323966356663613063316138313836
613663326336353733616531663363643030
