$ANSIBLE_VAULT;1.1;AES256
31306436653166323234623836313132353235373332633862386537303232613861313066306630
3235313464643231646438623061653430336130623433650a383263373637646663323932353464
62633166353961313937366135343465373166623334353132646262393238383837613434663338
3864383536666331320a653636643838333839653262663938313034393339333366666433636361
62613863373934383863653432373865326663346664643030343164366164393665316136306665
32386531393732346662396461303434383331316633306237633462323339303231346237373434
62343366613633356436643433616331303266623761326635616362396438303732313132366238
64386565663733666430373262633965363334336439636563653033633133346665623161326334
33356165366463363231653233343733613265393763616536626261636431623062336432666362
62383339633030343262376635363764306461393165656234633738393437613036376461646533
39656431376531656437613331336665653434616432363064326235666339346563393562613638
65316366303965616662623339376338313537383363613634633963363761313337383866633439
36653034643639623232393237386664353933373939666433356230336139643938353338653534
33666534626535653666346237383266323337393336613233636464616530303635383234333435
34613630313935333036306665623063346632663732646231623666383165633366623231616564
31353063623365333238666534376665393964633830616433343831373563386330393162326265
3163
