$ANSIBLE_VAULT;1.1;AES256
36373531366462333564666532396533383838326531346632663833396265656535393566663439
3465326339356338353664396231356131393335353130660a633563313363366435373839316563
37373432343839313531613233366466383064366262386330326566343737386566663630323731
6364653037613265310a343165373363653537643361316561666237336132633839323130373833
37643838643634373763373561346364313635326565656166306632343234396164643030303962
34316566643436346161366463316365343634343662376564396461626663643565336331393233
31333965363633326232316163616265333631376139373233393634396262373232643166373965
35303530663639366361346431393532633738393263326536633635643434383132326337626530
31373838623361663266326133306264636466303435333763643761653864356635616634636230
38373663313934303364303964333537393566316537346266326363636237303738396634313533
65616532653032616135643435346535373766323430303633376430316162633965326233633934
61666437653831656335353962316563346536666263626265393664636634633466613932636166
62333964306566386332393864616163313831346433383664653032303834636634663362356566
64653737336233633363633864353234623039386164653962376461653039383862623430333961
32613266326135323764653661666531353332346531626430313161306134396433333930653835
36376462356537313166373663313865663831343339346336343161343135343765363036356233
32396332333464386163393165363334616466616462393130363261656332353938326531383962
62376662363434313535313466653234336439666632623637646262633535656531376366623535
33346633393631393932666431343862643665353437653132356366643065383535613266383839
37366233313761316562636264306639653161393338656562656631386666323335323762303239
63336432653966383039646664626439646530313135643939323336666433626431313165353435
3430613939643535313963373830356232663037643662323837
