$ANSIBLE_VAULT;1.1;AES256
62316336646361383638316166373761633661666462343835366161316334313634643161383961
6437393835396633633163306132353535336230353266610a393536396265326361313266383838
38326132323235346337333061623435623238663039363636346562353234363537373036383637
6563363738343363350a326434316464663665643662343733613334663735323066643630333366
62383761316137643834613161333564633439393134653437643033636636636638313634303261
65346134386634613639346538366235323264393535333930363334323437643732303635333362
32396631393039313663326665633530613861323035396261383262303438383539663064393466
33303265656664656539353432316665666131663035656437336433623462376363643765376266
64653733663238626336373233663033623537303537353039333437663134323462383136323936
39636530616461636364623438636337313163646236316131376633313838373539373934633934
63303837323435303435666637646662386163366537326661303964386434343233363335346262
65313465643533623262353763376239356430373139323635373135343233343863303535653563
37346534343139333465303631393263663062376163336533356263623366623065363932613536
3464626631323161636336306463396639646638313065636335
