$ANSIBLE_VAULT;1.1;AES256
31653263383064353663303538653230626537663839346464353832656136616661323434323537
3237373561383133353837393438613131366362356163320a323961343262626139393665343465
65633564666332636537633436373736393065303562643665343836636536653539613335356137
6233303839303834640a356361396263363664353630383335613563313366316430383132346261
66386236666664343032393364663138363564303932633639353764393934323036323464326437
33633362383962633633636234376437623561353232636435636663623361383039613331313966
39343632663262363238623936316634653065306231316234646437303164373464306263386464
30653265646133346530643938393430333933323265633035326234363562323565393430376637
32636538643562643534613739653466373066356531623833653330353363613932366262663335
66343430383539613638343736373863616335353735393233326135303434323336653062373133
64323764386536353334306230303434386235383234626665373232393935616134333062373764
61353364343233643263376265616330313562383634323136353766353835636331666134653935
38346538393963646231393863373363633863316230383139643333333830363635633631313833
31643766613032313533366563663738316538636131373430313431333138613665396536326633
36333864306162363836653137366565366639353533643531663233393633303434306331386563
36343361353437363437396531343165316630653233316236346137336638303463623531646131
66636137336234646561386135633964633765336136396137386234646161616135396334363736
66626366653135343365313235376337326531666537666262326666353465343736646362666161
37613932393138633530613236383234666666303637356236353066353763343163366364653836
38313266386331623733376339393739303037343831323964393266333233633033356365313766
35623534323339666262353230363462653436396331346335623731303633633235336261663339
31626665333930636236353532643063383939363965353666353565363664383062383661323735
64663665373132373630616563316561356465633030346264323765666436373331323964356633
64386365646630386638373133343437363235613262313534613330323830613937326661663065
30373266363839333363313565636238343663326235336437306634333465636262
